10 8 5
0.001 0 3
83 95 5 4

Coordinates
1       20.244      -1.6947
2       18.137       1.6641
3       15.756     -0.80916
4       16.427      -4.8397
5       19.878       3.5878
6       17.863      -6.7634
7       13.985      -3.8626
8       15.237      -7.0076
9       14.076      -7.2214
10       16.916       5.9695
11       11.357      -2.1837
12       11.212      -4.5274
13       15.542       7.4657
14       13.496       6.2137
15       10.259      -6.1527
16       13.344       7.0382
17       11.619        5.356
18       8.9771     -0.38168
19       9.5267       3.4351
20       8.7634      -5.1145
21       9.9542       4.5954
22       11.542       7.0076
23       7.9389      -3.2519
24       7.2366      -1.6641
25       7.4809       1.7557
26       7.0229      -4.3511
27       8.6107       5.3282
28       7.6824       3.7109
29       6.1985       5.1145
30       4.6181       2.8012
31       3.2366      0.16794
32       4.0718       3.9318
33       3.1215       4.5457
34       1.9542      -3.4962
35       2.6168       3.6383
36         1.04       1.2893
37       1.4046       4.4733
38        1.313        5.542
39      0.51908       2.9771
40      -0.5286     -0.13019
41     -0.58371       1.9846
42     -0.61069      -6.2137
43     -0.67176       3.4657
44      -1.6698      -1.9685
45      -2.0705      0.92974
46      -1.8015       2.7328
47      -2.4733       5.4504
48      -4.1221       -3.313
49      -3.9252       2.1281
50      -4.6412      0.41221
51      -6.9008        1.084
52      -6.7481       5.2672
53      -8.2443     -0.44275
54       -8.397      -4.1374
55      -8.6107     -0.53435
56      -8.2372        3.292
57      -8.6412      -3.2824
58      -9.1298      0.87023
59      -9.1603      -5.4504
60       -9.771      -5.7557
61      -10.142      -4.0011
62      -9.8015       5.1756
63      -11.373       -2.907
64      -10.992       4.1679
65      -11.481       1.6947
66       -12.58       6.9771
67      -14.107      -3.6794
68      -14.229       -7.313
69      -14.748      -1.5114
70      -14.382       5.6947
71      -15.511      -4.4733
72      -15.481      -7.8626
73      -15.038       6.9313
74      -15.756        3.771
75      -16.153       6.5496
76      -17.179      -2.3969
77      -16.733       5.4809
78      -17.343      -4.9313
79      -17.588      0.83969
80      -17.496       6.8855
81      -18.748       2.4886
82      -18.565       -7.771
83      -20.702      -1.9084
EndCoordinates

Elements
1 19 21 27
2 38 37 33
3 39 43 41
4 43 46 41
5 33 37 35
6 38 33 29
7 41 46 45
8 55 58 65
9 39 41 36
10 35 37 39
11 33 35 32
12 59 54 61
13 27 21 22
14 80 77 75
15 75 77 74
16 80 75 73
17 73 75 70
18 73 70 66
19 61 54 63
20 61 63 67
21 59 61 67
22 36 41 40
23 39 36 35
24 32 35 30
25 33 32 29
26 16 22 17
27 17 22 21
28 78 71 76
29 45 46 49
30 41 45 40
31 40 45 44
32 74 77 81
33 17 14 16
34 16 14 13
35 23 20 12
36 19 27 28
37 28 27 29
38 19 28 25
39 25 28 30
40 28 29 30
41 30 35 36
42 32 30 29
43 36 40 31
44 76 71 69
45 78 76 83
46 66 70 64
47 49 46 47
48 45 49 50
49 50 49 51
50 58 51 56
51 13 14 10
52 13 10 5
53 4 8 6
54 4 6 1
55 65 58 56
56 36 31 30
57 64 65 56
58 76 69 79
59 30 31 25
60 44 45 50
61 40 44 34
62 56 51 49
63 25 18 19
64 44 50 48
65 44 48 42
66 12 7 11
67 12 11 23
68 67 63 69
69 67 69 71
70 67 71 68
71 53 57 48
72 64 56 62
73 62 56 52
74 64 62 66
75 52 56 49
76 82 72 78
77 82 78 83
78 26 24 34
79 34 24 31
80 11 7 3
81 74 81 79
82 79 81 83
83 9 4 7
84 7 4 3
85 9 7 15
86 2 3 1
87 49 47 52
88 67 68 60
89 50 53 48
90 76 79 83
91 42 34 44
92 31 40 34
93 5 10 2
94 5 2 1
95 3 4 1
EndElements

Dirichlet
77
80
81
82
83
EndDirichlet

Neumann
1
5
6
13
EndNeumann
